alpha: 1.0796456390927462
colsample_bylevel: 0.4211971754811831
colsample_bynode: 0.918726144848719
colsample_bytree: 0.6249884904706694
eta: 0.031164859901663573
gamma: 5.427327205145677
lambda: 1.7135068601699701
max_depth: 23
min_child_weight: 4
n_estimators: 341
subsample: 0.48334967239624504
