AUC: 0.9286998845902955
accuracy: 0.8151496640195479
macro avg:
  f1-score: 0.6396600301315661
  precision: 0.6196786222046067
  recall: 0.8654523558633148
  support: 8185
'no':
  f1-score: 0.8911275814924084
  precision: 0.993581514762516
  recall: 0.8078277886497065
  support: 7665
threshold: -1.02904212474823
weighted avg:
  f1-score: 0.8591756873671456
  precision: 0.9460727782615722
  recall: 0.8151496640195479
  support: 8185
'yes':
  f1-score: 0.3881924787707238
  precision: 0.2457757296466974
  recall: 0.9230769230769231
  support: 520
