alpha: 1.9587797768975541
colsample_bylevel: 0.33569347991913734
colsample_bynode: 0.7559077178260161
colsample_bytree: 0.8741330006885855
eta: 0.05006365409927347
gamma: 7.442161078540227
lambda: 1.2430107946987445
max_depth: 38
min_child_weight: 9
n_estimators: 326
subsample: 0.6893137156074118
