AUC: 0.9282277083646947
accuracy: 0.7948686621869273
macro avg:
  f1-score: 0.6219043705177952
  precision: 0.6110135447891079
  recall: 0.8591054493451753
  support: 8185
'no':
  f1-score: 0.8776328255958019
  precision: 0.994220607661823
  recall: 0.785518590998043
  support: 7665
threshold: -3.1616835594177246
weighted avg:
  f1-score: 0.8451395338082482
  precision: 0.945529667480073
  recall: 0.7948686621869273
  support: 8185
'yes':
  f1-score: 0.36617591543978856
  precision: 0.22780648191639266
  recall: 0.9326923076923077
  support: 520
